num_learner: 5
num_attempts: 4
num_questions: 5
parameters: {'course_str': 'CSAL', 'model_str': 'MTF', 'features_dim_range': [2, 3], 'lambda_t': 0.001, 'lambda_q': 0.01, 'lambda_bias': 0.001, 'lambda_w': 0.0001, 'lr': 0.0001, 'max_iter': 1000, 'metrics': ['rmse', 'mae', 'auc'], 'validation': True, 'learning_stage': 'Medium', 'is_rank': True}
The dimensions of features: []
MAE results: [0.9499256482813019, 1.0248900417774431, 0.9855158203473721, 0.9728533498450843, 1.0319495734059068]
MAE average: 0.9930268867314215
RMSE results: [1.1817574840453993, 1.2345370812805574, 1.220076173902578, 1.199355346428236, 1.2603073213090499]
RMSE average: 1.2192066813931641
All Parameter tensor results: [[array([[[0.93641989, 0.94892855, 0.9563374 , 0.95941691, 0.94535774],
        [0.96367331, 0.96778191, 0.9732626 , 0.94451429, 0.96820631],
        [0.96762696, 0.96161747, 0.92838617, 0.96006126, 0.93835594],
        [0.95372265, 0.94957648, 0.92021996, 0.92777491, 0.93958132]],

       [[0.92296547, 0.92536186, 0.93607229, 0.93254187, 0.93214332],
        [0.94857343, 0.95165917, 0.95468673, 0.94186768, 0.95446788],
        [0.9377148 , 0.92835884, 0.91408816, 0.93209504, 0.9137894 ],
        [0.92538034, 0.92965532, 0.91351167, 0.91778158, 0.91456544]],

       [[0.91277523, 0.91180698, 0.9100169 , 0.91915483, 0.90903712],
        [0.94039476, 0.93648548, 0.93876311, 0.93377387, 0.93753253],
        [0.91573694, 0.91042933, 0.89868407, 0.91188917, 0.90763719],
        [0.91290308, 0.90061573, 0.89507284, 0.90149401, 0.90786599]],

       [[0.93142144, 0.93719289, 0.94198203, 0.9457775 , 0.93562297],
        [0.95666278, 0.95795888, 0.96200714, 0.94509547, 0.95889888],
        [0.95017539, 0.94392088, 0.92174876, 0.94395601, 0.92920757],
        [0.93994303, 0.93474871, 0.91692087, 0.92301897, 0.9299562 ]],

       [[0.93825853, 0.94818801, 0.95201339, 0.95788834, 0.94253447],
        [0.9637262 , 0.96567842, 0.97068992, 0.94708507, 0.96567873],
        [0.96378265, 0.95872405, 0.92915978, 0.95686102, 0.94049656],
        [0.95271212, 0.94478404, 0.92108391, 0.92855414, 0.9414239 ]]]), array([[0.46262119, 0.76755624],
       [0.04425071, 0.3661487 ],
       [0.14675589, 0.09233859],
       [0.25702062, 0.40988828],
       [0.45376544, 0.59312274]]), array([[[0.44911297, 0.6782187 , 0.18900565, 0.87461615, 0.02042685],
        [0.67124571, 0.43285793, 0.576857  , 0.16357508, 0.2303172 ],
        [0.80074457, 0.96826158, 0.31342418, 0.69232262, 0.87638915],
        [0.89460666, 0.08504421, 0.03905478, 0.16983042, 0.8781425 ]],

       [[0.16112074, 0.41597034, 0.92113435, 0.54009785, 0.66831512],
        [0.32065052, 0.71647591, 0.87594988, 0.0675445 , 0.80523916],
        [0.98886109, 0.74816565, 0.28044399, 0.78927933, 0.10322601],
        [0.44789353, 0.9085955 , 0.29361415, 0.28777534, 0.13002857]]]), [[array([0.09111116, 0.13725672, 0.        , 0.16004552, 0.15449982])], [array([0.0902521 , 0.45347705, 0.        , 0.        ])], [array([0.14452674, 0.07527088, 0.07836045, 0.13000485, 0.11453854])], [2.0324347937171745]]], [array([[[0.94367934, 0.9469301 , 0.95350779, 0.90963643, 0.94458253],
        [0.9757464 , 0.97253834, 0.95155874, 0.97040345, 0.95762212],
        [0.95028358, 0.94477955, 0.91485399, 0.92139049, 0.9362881 ],
        [0.90541365, 0.94354654, 0.94000641, 0.93204107, 0.94551324]],

       [[0.91350903, 0.91017675, 0.91213389, 0.89699801, 0.90823858],
        [0.94496204, 0.94439425, 0.9323772 , 0.94173062, 0.93857189],
        [0.91897366, 0.90094204, 0.89126862, 0.89958483, 0.91355504],
        [0.8964877 , 0.90264985, 0.91172196, 0.90775585, 0.91190657]],

       [[0.9238427 , 0.93859636, 0.93234639, 0.91843644, 0.94068162],
        [0.95930061, 0.95996132, 0.95257114, 0.959346  , 0.94300292],
        [0.93895349, 0.93859739, 0.91798194, 0.93326742, 0.93068999],
        [0.92585718, 0.92335352, 0.91990365, 0.93445307, 0.93212664]],

       [[0.94422402, 0.95805096, 0.949968  , 0.93602012, 0.95722546],
        [0.97318121, 0.97687443, 0.96763626, 0.97425612, 0.96157791],
        [0.96394454, 0.95428959, 0.93300687, 0.95386921, 0.95857539],
        [0.94597484, 0.94059472, 0.94737653, 0.95864642, 0.9551849 ]],

       [[0.94258902, 0.95237026, 0.95753655, 0.91304279, 0.95296179],
        [0.97759859, 0.97300716, 0.95467337, 0.97258331, 0.95332079],
        [0.94910157, 0.95547296, 0.92299271, 0.92844761, 0.93127243],
        [0.91055124, 0.94835453, 0.93410324, 0.93338001, 0.94637327]]]), array([[0.49166751, 0.73308604, 0.03835453],
       [0.30233257, 0.14675589, 0.09233859],
       [0.23898047, 0.40828729, 0.42679431],
       [0.61292264, 0.46194611, 0.71507074],
       [0.29884268, 0.92747879, 0.08192033]]), array([[[0.68475422, 0.42045674, 0.53540587, 0.15088137, 0.18488907],
        [0.8081076 , 0.97603565, 0.35148443, 0.70560335, 0.91429932],
        [0.89460666, 0.08504421, 0.03905478, 0.16983042, 0.8781425 ],
        [0.09834683, 0.42110763, 0.95788953, 0.53316528, 0.69187711]],

       [[0.36881674, 0.68015913, 0.79766062, 0.04771692, 0.72729951],
        [1.0000267 , 0.77374903, 0.35376087, 0.81579826, 0.17669142],
        [0.44789353, 0.9085955 , 0.29361415, 0.28777534, 0.13002857],
        [0.01936696, 0.67883553, 0.21162812, 0.26554666, 0.49157316]],

       [[0.06117713, 0.5828132 , 0.1306204 , 0.56543737, 0.68147071],
        [0.12431073, 0.4165391 , 0.72039192, 0.43326015, 0.078754  ],
        [0.53589641, 0.66379465, 0.51488911, 0.94459476, 0.58655504],
        [0.90340192, 0.1374747 , 0.13927635, 0.80739129, 0.39767684]]]), [[array([0.11887807, 0.        , 0.06495012, 0.10474473, 0.15622499])], [array([0.04765512, 0.3977664 , 0.        , 0.        ])], [array([0.11923851, 0.06382752, 0.07776315, 0.08825844, 0.09553943])], [1.9235610380018344]]], [array([[[0.93520527, 0.94092472, 0.94905266, 0.90148235, 0.93945038],
        [0.97493189, 0.97190878, 0.95033026, 0.97008452, 0.95693021],
        [0.94691625, 0.94157973, 0.91107692, 0.91836733, 0.93380228],
        [0.89920244, 0.94029455, 0.93740041, 0.92945513, 0.943297  ]],

       [[0.91948534, 0.9191698 , 0.92129407, 0.90418385, 0.91784979],
        [0.95523833, 0.95611496, 0.9440601 , 0.95382677, 0.94968739],
        [0.93162824, 0.91387481, 0.90279628, 0.91349965, 0.92793166],
        [0.90659193, 0.9145847 , 0.92520546, 0.92230581, 0.92590694]],

       [[0.91329491, 0.9315624 , 0.9256693 , 0.91078244, 0.93498945],
        [0.95782644, 0.95892995, 0.95159248, 0.95889322, 0.94212631],
        [0.93451383, 0.93485177, 0.91397178, 0.93032427, 0.92756243],
        [0.920455  , 0.91873674, 0.9160373 , 0.93157893, 0.9290623 ]],

       [[0.93643952, 0.95321192, 0.94502953, 0.93017243, 0.95322694],
        [0.97231102, 0.9763954 , 0.96719968, 0.9741105 , 0.96121843],
        [0.96143903, 0.95160784, 0.92991096, 0.95197613, 0.9568694 ],
        [0.9421719 , 0.93717411, 0.94502775, 0.95697974, 0.9533172 ]],

       [[0.91638661, 0.93178737, 0.94056192, 0.88540108, 0.93466314],
        [0.96911771, 0.96239261, 0.94049858, 0.96303316, 0.93886004],
        [0.92795776, 0.94019228, 0.90268461, 0.90691791, 0.90710128],
        [0.88357253, 0.93134193, 0.91157293, 0.9111354 , 0.92777262]]]), array([[0.49480876, 0.73215482, 0.04026734],
       [0.38909305, 0.19427957, 0.14643024],
       [0.240257  , 0.40951915, 0.42762532],
       [0.61610728, 0.46252541, 0.71647417],
       [0.20445225, 0.87811744, 0.02738759]]), array([[[0.68335949, 0.41517273, 0.53106943, 0.15066601, 0.18601141],
        [0.80742473, 0.97766218, 0.3598678 , 0.70966459, 0.91877016],
        [0.89460666, 0.08504421, 0.03905478, 0.16983042, 0.8781425 ],
        [0.09834683, 0.42110763, 0.95788953, 0.53316528, 0.69187711]],

       [[0.33047065, 0.6768415 , 0.80190775, 0.04235646, 0.72562882],
        [0.99894149, 0.76722912, 0.32315894, 0.80185675, 0.15578554],
        [0.44789353, 0.9085955 , 0.29361415, 0.28777534, 0.13002857],
        [0.01936696, 0.67883553, 0.21162812, 0.26554666, 0.49157316]],

       [[0.06217101, 0.58202571, 0.12839768, 0.56780906, 0.68185781],
        [0.12503505, 0.41729068, 0.72656736, 0.43489337, 0.08160497],
        [0.53589641, 0.66379465, 0.51488911, 0.94459476, 0.58655504],
        [0.90340192, 0.1374747 , 0.13927635, 0.80739129, 0.39767684]]]), [[array([0.12432476, 0.13355147, 0.06581883, 0.10904969, 0.        ])], [array([-0.00222369,  0.43566177,  0.        ,  0.        ])], [array([0.09814065, 0.0548204 , 0.08079344, 0.0965686 , 0.10225278])], [1.8667085691856666]]], [array([[[0.93164598, 0.93469952, 0.94529317, 0.88853963, 0.9342859 ],
        [0.97186089, 0.96643477, 0.94628182, 0.9650993 , 0.95038155],
        [0.93989268, 0.93510098, 0.90577182, 0.90701589, 0.92356981],
        [0.89176908, 0.93354139, 0.93002952, 0.91783004, 0.93551108]],

       [[0.92656614, 0.92376256, 0.92779146, 0.90654161, 0.92301242],
        [0.9582444 , 0.95752266, 0.94801574, 0.95493053, 0.9517083 ],
        [0.93626577, 0.91735094, 0.90944319, 0.91543461, 0.93117948],
        [0.91302626, 0.91807147, 0.93024912, 0.9239755 , 0.92929406]],

       [[0.9216477 , 0.93581532, 0.93203241, 0.91303491, 0.93939401],
        [0.96078311, 0.96039092, 0.95540817, 0.96015091, 0.94471872],
        [0.93924799, 0.93771076, 0.92017685, 0.93217327, 0.93116623],
        [0.92630635, 0.92230671, 0.92200011, 0.93335741, 0.93258766]],

       [[0.94268499, 0.95620312, 0.94980136, 0.9311606 , 0.95647213],
        [0.97419543, 0.97709703, 0.96974598, 0.97491486, 0.96268673],
        [0.96418239, 0.95369629, 0.93490706, 0.95316317, 0.95892864],
        [0.94637481, 0.93985483, 0.94886351, 0.95800027, 0.95556543]],

       [[0.94073924, 0.95046594, 0.95755039, 0.90583681, 0.95224186],
        [0.97845796, 0.9731161 , 0.95733624, 0.97322041, 0.95421918],
        [0.94947433, 0.95491004, 0.92520127, 0.92743233, 0.93190851],
        [0.91125902, 0.94773457, 0.93600047, 0.93242183, 0.94686377]]]), array([[4.17022005e-01, 7.20324493e-01, 1.14374817e-04],
       [3.84489997e-01, 1.92588599e-01, 1.43301721e-01],
       [2.37521071e-01, 4.06591293e-01, 4.25497143e-01],
       [6.11830523e-01, 4.60890946e-01, 7.14163510e-01],
       [2.98078705e-01, 9.25876286e-01, 8.10575981e-02]]), array([[[0.68552836, 0.4210529 , 0.53526112, 0.12949323, 0.19183875],
        [0.80648338, 0.96894429, 0.35935819, 0.71395765, 0.90726911],
        [0.89460666, 0.08504421, 0.03905478, 0.16983042, 0.8781425 ],
        [0.09834683, 0.42110763, 0.95788953, 0.53316528, 0.69187711]],

       [[0.36048604, 0.68711974, 0.80273078, 0.01320344, 0.73526829],
        [0.99771319, 0.75666052, 0.34769736, 0.81805286, 0.15137665],
        [0.44789353, 0.9085955 , 0.29361415, 0.28777534, 0.13002857],
        [0.01936696, 0.67883553, 0.21162812, 0.26554666, 0.49157316]],

       [[0.06361001, 0.58251897, 0.12921821, 0.56644887, 0.6810324 ],
        [0.12361409, 0.41771466, 0.72311905, 0.43557735, 0.0811356 ],
        [0.53589641, 0.66379465, 0.51488911, 0.94459476, 0.58655504],
        [0.90340192, 0.1374747 , 0.13927635, 0.80739129, 0.39767684]]]), [[array([0.        , 0.12628271, 0.06178604, 0.10247198, 0.15475779])], [array([0.01282439, 0.43316597, 0.        , 0.        ])], [array([0.12323491, 0.04715868, 0.10458653, 0.06887015, 0.10129543])], [1.930638555808257]]], [array([[[0.92812586, 0.94073052, 0.95038537, 0.95450599, 0.937638  ],
        [0.96272349, 0.96624702, 0.9720056 , 0.94251665, 0.96622261],
        [0.96586703, 0.95866323, 0.92362734, 0.95781674, 0.93369899],
        [0.95121343, 0.94564771, 0.91491626, 0.92370773, 0.93501356]],

       [[0.91344543, 0.91424955, 0.9275383 , 0.9244014 , 0.9224868 ],
        [0.94720574, 0.94934588, 0.95281284, 0.94001919, 0.95206904],
        [0.93443575, 0.92303122, 0.90851312, 0.92840044, 0.90744431],
        [0.92144741, 0.92435273, 0.90787404, 0.91325595, 0.90827581]],

       [[0.91263218, 0.91145194, 0.91055584, 0.92163645, 0.90741676],
        [0.94642582, 0.94195048, 0.94513826, 0.93835329, 0.94245071],
        [0.92431076, 0.9176593 , 0.90347974, 0.91975156, 0.91276595],
        [0.92047161, 0.90572998, 0.89894422, 0.90654691, 0.913075  ]],

       [[0.90661766, 0.90969884, 0.91779562, 0.92218003, 0.91071727],
        [0.94439496, 0.94445485, 0.94903273, 0.93282217, 0.94583009],
        [0.93117633, 0.92137585, 0.89942659, 0.9241115 , 0.90561424],
        [0.91949065, 0.91310253, 0.89513648, 0.90281909, 0.90643066]],

       [[0.93047855, 0.94019868, 0.94564606, 0.95291779, 0.93457735],
        [0.96290567, 0.96415816, 0.96946699, 0.94541524, 0.9637369 ],
        [0.96195158, 0.95570918, 0.92467915, 0.95459637, 0.9361999 ],
        [0.95031806, 0.94068801, 0.91607974, 0.92475443, 0.9371928 ]]]), array([[0.46513375, 0.76924647],
       [0.04559553, 0.36788657],
       [0.19206653, 0.1324811 ],
       [0.18626021, 0.34556073],
       [0.45664024, 0.5948794 ]]), array([[[0.44499299, 0.67449669, 0.18839607, 0.87712832, 0.02431795],
        [0.67441218, 0.43539849, 0.57499096, 0.16276099, 0.22276525],
        [0.80074457, 0.96826158, 0.31342418, 0.69232262, 0.87638915],
        [0.89460666, 0.08504421, 0.03905478, 0.16983042, 0.8781425 ]],

       [[0.15470615, 0.40339131, 0.92447875, 0.5453909 , 0.67411535],
        [0.31973646, 0.71734636, 0.8665837 , 0.05949829, 0.79292995],
        [0.98886109, 0.74816565, 0.28044399, 0.78927933, 0.10322601],
        [0.44789353, 0.9085955 , 0.29361415, 0.28777534, 0.13002857]]]), [[array([0.09558863, 0.14257078, 0.10356825, 0.        , 0.16215678])], [array([0.02263124, 0.48212369, 0.        , 0.        ])], [array([0.14836126, 0.05662271, 0.06989942, 0.13219022, 0.09663477])], [1.965681209810956]]]]
